emitter:
    emissionAngle: 0.000000
    emissionRange: 180.000000
    emissionVector: [0.000000, 0.000000, 1.000000]
    emissionVectorInverted: true
    name: "Particle Emitter"
    shortEffect: false
    size: [0.000000, 0.000000, 0.000000]
    type: "point"
layer0:
    activeLODS: [1, 1, 1, 1]
    alphaOverLife: [0.000000, 0.268800, 0.588700, 0.032000, 1.000000, 0.000000]
    angle: 180.000000
    angleVariation: 180.000000
    blending: 3
    colorOverLife: [0.000000, [241.000000, 106.000000, 79.000000, 255.000000], 0.994400, [254.000000, 226.000000, 111.000000, 255.000000]]
    degradeStrategy: 0
    deltaTime: 0.000000
    deltaVariation: 0.000000
    effectFormat: 1
    enableFog: true
    enableFrameBlend: false
    endTime: 0.400000
    force0: [0.100000, 0.100000, 0.600000]
    forceCount: 1
    forceOverLife0: [0.000000, 1.000000, 1.000000, 1.200000]
    frameOverLifeEnabled: false
    frameOverLifeFPS: 4.000000
    inheritPosition: false
    isLong: false
    isLooped: false
    layerType: "particles"
    life: 1.000000
    loopEndTime: 10.000000
    loopSpriteAnimation: false
    loopVariation: 0.000000
    name: "smoke_spawn"
    number: 100.000000
    particleOrientation: 1
    pivotPoint: [0.000000, 0.000000]
    randomFrameOnStart: false
    randomSpinDirection: true
    scaleVelocityBase: 0.000000
    scaleVelocityFactor: 0.000000
    size: [0.100000, 0.100000]
    spin: 20.000000
    spinVariation: 20.000000
    sprite: "../../../../Data/Gfx/Particles/UI/explosion_smoke_white"
    startTime: 0.000000
    type: "layer"
    velocity: 0.010000
layer1:
    activeLODS: [1, 1, 1, 1]
    alphaOverLife: [0.000000, 0.466000, 0.334000, 0.000000, 1.000000, 0.000000]
    blending: 3
    colorOverLife: [243.000000, 135.000000, 46.000000, 255.000000]
    degradeStrategy: 0
    deltaTime: 0.000000
    deltaVariation: 0.000000
    effectFormat: 1
    enableFog: true
    enableFrameBlend: false
    endTime: 0.400000
    frameOverLifeEnabled: false
    frameOverLifeFPS: 4.000000
    inheritPosition: true
    isLong: false
    isLooped: false
    layerType: "particles"
    life: 1.000000
    loopEndTime: 10.000000
    loopSpriteAnimation: true
    loopVariation: 0.000000
    name: "fire_spawn"
    number: 16.000000
    particleOrientation: 1
    pivotPoint: [0.000000, 0.000000]
    randomFrameOnStart: false
    randomSpinDirection: true
    scaleVelocityBase: 0.000000
    scaleVelocityFactor: 0.000000
    size: [0.100000, 0.100000]
    spin: 90.000000
    spinVariation: 90.000000
    sprite: "../../../../Data/Gfx/Particles/UI/explosion_smoke_white"
    startTime: 0.000000
    type: "layer"
    velocity: 0.010000
